96405343648059
18468143614
16543341546
136156409400293
131613398941583
96405343648059
18468143614
16543341546
136156409400293
131613398941583
96405343648059
18468143614
16543341546
136156409400293
131613398941583
96405343648059
18468143614
16543341546
136156409400293
131613398941583
96405343648059
18468143614
16543341546
136156409400293
131613398941583
96405343648059
18468143614
16543341546
136156409400293
131613398941583
96405343648059
18468143614
16543341546
136156409400293
131613398941583
96405343648059
18468143614
16543341546
136156409400293
131613398941583
96405343648059
18468143614
16543341546
136156409400293
131613398941583
96405343648059
18468143614
16543341546
136156409400293
131613398941583
96405343648059
18468143614
16543341546
136156409400293
131613398941583
96405343648059
18468143614
16543341546
136156409400293
131613398941583
